446.07
129.65
454.32
144.58
440.11
155.50
440.59
210.42
194.17
288.97
172.44
108.00
218.65
419.34
196.95
397.75
436.10
328.20
402.40
401.15
301.99
114.53
179.65
232.89
421.89
215.14
188.30
215.00
190.35
376.60
282.19
286.63
293.45
184.03
229.88
219.74
291.82
125.26
397.31
319.49
111.50
236.17
273.88
329.65
117.30
146.04
427.92
210.24
341.39
280.49
402.37
395.97
180.51
419.87
362.04
295.79
401.79
309.08
95.86
402.89
101.67
224.59
248.25
194.11
418.56
316.90
295.40
431.50
447.57
403.79
270.41
355.72
84.35
412.18
261.90
414.32
121.10
298.87
296.12
202.38
262.29
253.66
240.50
111.50
326.16
430.26
180.60
246.05
178.70
260.85
220.75
268.35
388.35
162.19
290.51
352.73
344.83
236.29
362.03
297.11
964.41
1333.26
996.65
1508.41
1217.46
850.28
1217.94
1336.32
941.35
1229.78
923.66
1363.00
1328.60
1376.13
1350.21
1308.25
970.37
912.32
1171.65
921.92
1487.96
1402.47
1006.49
1241.39
918.20
1414.71
907.31
945.09
827.12
948.66
1297.84
1055.04
1146.97
1015.44
1236.05
884.41
1083.29
1309.44
1276.92
1027.72
923.51
1072.61
1196.45
958.63
1151.49
1298.65
1458.72
1396.90
1023.26
1266.67
1048.09
1373.26
1091.23
1321.75
1156.67
1007.24
1280.80
1101.32
908.83
887.64
1206.43
773.05
1203.54
997.23
1267.24
1310.28
866.88
902.19
1466.24
654.20
831.25
1103.44
1003.61
1088.63
1164.04
1278.85
1363.80
944.48
846.28
904.80
1332.45
1137.89
1030.85
1504.35
1157.86
977.97
932.90
1059.52
990.23
1287.30
1361.21
1214.85
1082.76
790.90
751.95
1179.73
1149.81
803.08
815.56
1012.30
2111.93
1739.62
1862.04
1360.65
1532.68
2111.26
1531.23
1294.59
1466.72
1860.09
1596.42
1579.40
1621.76
1471.95
2070.03
1864.01
1783.25
1497.81
1651.86
1707.55
1388.61
1705.19
2260.32
2087.62
1871.94
1334.04
1511.22
1915.11
1450.70
2109.65
979.72
1613.30
1552.11
1920.84
1282.30
2098.51
1511.58
1620.12
1769.84
1614.35
1510.30
1507.24
1217.15
1557.10
1912.56
1852.23
1783.08
2296.67
1779.88
1930.76
1640.80
1560.59
1856.43
1799.65
2113.48
1386.43
1497.14
1154.95
1714.55
1548.58
1737.87
2004.19
1983.10
1635.21
1865.68
2027.51
1894.33
1507.77
1743.93
2003.83
1724.73
1909.97
1519.51
1363.20
1178.08
1372.89
2009.05
1464.83
1528.25
1374.98
1962.81
1418.20
1725.59
2102.49
1622.89
1820.41
2147.86
1354.84
2107.27
1465.99
1898.47
1780.71
1932.67
2128.90
1464.29
1509.17
1433.03
2388.44
1791.53
2012.54
1414.63
1153.94
996.71
996.11
1003.35
969.48
743.86
1150.74
1128.98
1445.96
914.06
1006.09
1042.76
918.31
912.77
1045.75
1178.53
611.61
923.71
791.31
1345.89
1012.74
844.17
1176.33
1239.13
899.28
1288.27
1402.09
821.47
1038.65
578.65
701.56
732.57
1620.32
1084.82
924.19
803.45
631.74
1169.57
1209.27
701.05
992.51
1078.24
1374.14
1092.75
953.05
1191.64
660.83
814.30
1233.21
1534.99
1119.33
730.28
1215.05
708.53
770.29
1069.72
1178.85
656.54
735.29
825.52
877.55
1556.62
1122.55
601.63
1421.87
1396.55
830.09
764.68
902.53
1216.03
879.52
1215.33
1060.57
1166.36
1209.83
1047.24
690.31
817.61
1311.02
869.47
1179.53
980.98
612.93
1204.74
839.92
1599.81
518.33
877.06
1278.37
744.83
1175.11
765.48
1027.50
1571.52
1235.45
1194.33
930.55
1241.00
1454.68
1419.74
627.54
1276.69
1338.34
858.84
675.49
1304.24
1050.74
790.89
1428.69
758.49
1008.29
1222.74
1168.19
1080.69
803.04
1593.39
639.34
1501.34
550.74
1185.79
669.84
970.94
1100.59
962.74
1006.34
1396.84
867.99
584.09
1565.09
633.44
837.14
1248.69
1071.89
755.09
1673.74
957.69
910.99
1161.79
944.54
1201.44
1333.89
649.24
607.34
782.44
1436.79
576.74
1015.04
1518.24
776.29
394.62
428.95
445.68
621.08
946.81
713.86
920.68
948.16
516.46
600.20
992.26
966.44
794.26
755.31
1177.11
542.90
1016.11
914.62
981.67
403.91
830.96
792.68
996.70
834.78
793.95
1090.81
925.31
1117.29
1062.39
499.84
684.18
761.92
388.77
456.31
971.43
763.11
1165.22
900.73
806.08
1220.86
525.28
551.61
550.43
922.10
519.08
401.53
886.05
758.82
1046.36
968.12
876.81
852.97
677.36
387.63
899.51
339.08
1057.13
665.47
855.68
617.97
799.92
778.05
657.80
505.88
392.33
846.90
892.82
1130.88
833.26
507.00
1074.91
1018.65
1062.44
473.00
550.45
490.92
667.96
605.99
1092.41
470.46
677.60
947.10
671.27
742.56
423.06
653.52
1230.37
439.12
1030.96
631.46
654.36
828.99
728.34
327.52
507.33
496.60
1046.00
1071.28
492.95
1033.92
1256.41
1047.97
1120.48
1442.79
1085.37
750.88
1050.26
1020.52
1183.09
1162.41
1101.76
1197.35
1276.36
968.44
1186.35
1120.12
861.98
792.45
1232.44
1385.82
873.68
806.77
999.98
1499.59
1180.09
1078.68
1350.66
1012.47
1298.12
847.30
960.15
1053.20
835.78
806.05
1145.84
1260.03
1400.61
1227.02
1028.61
1381.88
1428.98
1275.39
1267.19
1434.54
1109.02
1192.39
1195.07
1362.47
952.77
1109.35
1381.36
944.60
1562.24
1184.18
785.87
1193.64
959.12
794.15
902.57
1251.03
1078.58
1234.82
1007.70
1472.85
1187.50
1046.38
1008.23
1159.57
1301.83
884.21
1505.74
686.75
1134.98
773.25
1215.75
1117.57
1410.34
916.23
1491.54
956.66
951.38
930.83
1048.60
1244.66
1240.72
978.83
1346.51
1168.83
1060.44
1373.07
739.81
1143.31
924.31
1285.27
1304.41
1052.44
893.46
1324.36
1216.16
931.55
1632.26
1707.52
1911.36
1752.84
1798.15
2029.07
1846.03
1916.08
1710.68
1938.36
1907.17
1880.11
1833.27
1995.32
2054.91
1926.79
1899.90
1827.75
1825.61
1980.62
1902.07
1791.82
1659.12
1917.62
1808.93
1858.06
1682.61
1826.96
1684.92
1765.79
2014.86
1800.19
1851.28
1939.48
1743.68
2020.36
1642.76
1973.53
2159.78
1637.32
1747.38
1966.22
1893.73
1734.02
1750.10
2048.67
1823.70
1994.10
1994.92
1853.25
1704.89
1896.00
1639.33
1791.30
1985.32
1976.70
1844.21
1718.76
1706.47
1638.54
1859.04
1863.22
1870.65
1874.18
1928.97
2017.64
1914.67
1726.71
2056.23
1671.41
1958.89
1681.37
1804.31
1980.68
2077.60
1816.17
1703.42
1739.91
1956.85
1694.77
1968.14
1587.73
1800.33
2162.06
1655.24
1642.33
1948.48
1606.34
1658.33
1728.29
1699.39
1810.48
1974.30
1791.70
1904.14
1868.42
2010.17
1690.55
1608.24
1901.33
1336.46
1091.02
1275.65
2477.72
1195.28
894.62
1425.27
1538.25
738.12
1694.10
2157.27
1513.46
2065.10
2036.73
1342.19
2265.67
1832.50
2001.13
2390.03
1950.78
1381.44
2212.51
1880.19
2087.86
1706.38
1478.98
1491.47
1094.68
2215.25
1608.89
2392.83
1645.05
1953.21
726.37
1352.72
2214.35
1028.48
2152.11
1709.48
536.19
2051.95
1828.06
1532.62
767.63
1038.05
1903.78
2568.21
840.48
2138.03
1500.62
1873.29
1248.21
1693.86
2122.35
1892.41
1451.21
1529.22
1935.31
1228.83
2676.37
1603.65
1459.98
499.19
232.64
1338.35
1001.70
1457.85
2363.42
1363.05
1177.90
1835.20
1226.05
1126.24
605.62
1521.92
1452.20
1602.23
1710.25
655.34
1649.88
1598.90
1374.24
1524.47
1611.24
521.50
1892.09
1312.41
1862.18
1169.05
2346.78
2050.85
879.62
1683.16
1080.81
1250.65
1851.65
2320.78
1013.28
744.77
1123.75
1784.49
1948.77
1982.47
2375.36
2189.09
2009.29
2110.86
1745.34
1176.04
2021.12
1810.24
985.51
1496.79
1175.26
1239.21
1576.42
1815.69
1211.59
1570.21
1584.18
1158.46
1756.94
1585.61
1303.81
926.72
2017.74
1545.01
1510.75
1384.50
2113.42
540.62
1288.57
1235.50
681.62
639.36
1559.93
1022.52
858.05
2187.97
897.47
680.53
1146.11
939.43
2063.87
1230.18
2311.41
2085.95
1205.97
867.50
1861.84
1589.36
1672.25
2063.82
2036.24
1421.77
828.24
1466.07
639.68
1398.66
1878.02
2419.90
1154.74
554.25
1369.28
1874.12
1532.64
1247.84
1517.69
1528.28
2034.77
2004.43
2676.16
1107.50
2139.63
1162.74
1320.81
1848.12
2710.71
1948.85
2031.96
1388.09
2451.22
1970.24
1905.80
2100.75
1416.12
655.56
750.18
866.43
1759.21
2309.21
1956.03
1242.52
1232.23
1238.93
1401.94
1828.87
1925.89
1023.09
1848.34
1258.24
1286.68
2486.77
1426.38
1129.69
2003.14
1375.00
1715.13
1632.33
2317.31
1300.10
1806.72
2089.32
1311.70
2248.47
2214.98
2327.37
2286.40
1578.65
1418.88
1004.56
2384.55
1903.82
2036.64
1122.82
1863.71
1005.15
653.34
1223.09
1937.24
1159.75
1522.52
1653.59
1842.34
2386.34
1358.36
1985.24
2271.55
2405.40
2025.87
1516.08
1564.55
2018.26
1350.54
2306.16
1862.85
970.63
1744.40
2247.57
2145.43
754.01
810.79
2266.86
2006.92
1843.31
2670.83
1451.69
2593.08
1659.87
2430.63
1664.82
2156.84
1044.89
1653.60
1789.88
1754.39
1096.91
1497.25
1510.20
2012.45
1667.66
1334.02
1538.48
2267.72
1123.97
1650.22
2107.66
2295.18
2098.77
1222.60
869.43
1199.03
710.90
1128.89
1419.71
1086.21
1686.29
1221.70
1460.94
1606.44
1681.66
974.10
2452.24
1558.30
1152.25
1577.28
893.64
1779.52
1165.97
1733.89
1171.41
1820.37
822.21
2753.72
1258.72
1714.26
1972.52
1887.02
1338.24
2362.61
2308.54
1496.94
1519.00
1682.61
1916.45
971.22
1859.44
1935.39
2260.70
1495.15
1532.54
1906.00
804.10
1491.56
1351.91
1503.75
1442.61
1626.94
1982.34
1174.75
1857.73
1738.06
1635.69
1735.46
1365.84
553.42
1338.54
2208.30
2195.67
893.70
2311.35
1219.60
1429.16
1638.24
1616.27
1428.06
495.70
1403.70
2276.12
1987.81
1256.46
1210.14
2143.84
1279.86
2031.82
2316.30
1708.30
1386.25
1225.92
2301.76
1929.56
1934.80
1981.69
1943.83
1593.42
1460.75
1900.30
1026.09
2262.55
1664.57
1268.58
1526.53
2537.40
765.92
1798.76
1174.14
2200.66
1820.75
1449.45
1512.84
1246.46
2304.67
1775.91
1346.68
791.77
1249.67
1259.26
1297.23
1945.40
1997.98
1238.64
1388.81
1597.92
1109.80
1568.49
1226.50
1683.22
2288.42
2124.23
995.98
1575.74
1563.04
337.54
2526.86
1210.13
1554.91
1924.55
1706.28
2137.36
1081.75
841.60
1607.08
955.57
2223.83
1790.59
1966.32
634.28
1208.68
1570.04
1595.35
1886.15
1477.68
1620.76
2088.37
1493.35
1692.02
1805.73
1284.93
2423.56
2261.75
992.63
2024.38
839.59
1747.70
2030.24
1939.75
972.30
1233.24
1589.78
1472.28
2226.91
1357.60
1708.39
1836.67
2223.29
2397.28
2262.34
1752.03
1656.61
1452.28
1592.55
1480.91
1524.20
1426.86
736.92
851.39
1738.27
1231.18
2335.98
1291.86
2023.95
562.42
1987.95
1761.96
2108.88
2240.44
458.62
1372.74
2034.70
636.25
1508.48
1460.30
1181.50
2088.66
1163.05
2319.65
1133.50
1573.56
1042.03
1393.10
1325.17
1540.10
1275.16
1736.98
1755.28
624.05
1483.76
944.47
1396.93
1667.66
671.63
1666.73
735.17
1162.48
1397.61
1987.88
1923.26
2314.99
1955.49
1126.00
2095.70
2060.52
1254.93
1258.88
873.38
1363.72
1674.03
1387.54
1965.41
2041.18
1681.09
844.30
1806.62
1607.29
1813.95
1613.44
2284.19
1421.28
1575.65
982.08
1426.61
1258.83
1225.02
1811.73
1228.94
2140.34
2037.33
1283.60
1294.63
1703.65
914.61
2061.00
1044.84
1209.86
1839.21
1318.61
2047.59
1219.81
600.60
1617.74
1492.40
2343.60
1802.03
2025.83
1151.67
1873.74
1858.04
1861.48
1273.67
1403.29
2091.81
1206.96
2035.28
1364.14
2079.07
2609.06
2587.28
2043.62
1101.50
833.91
1549.59
1317.55
1578.06
1463.63
2323.05
1621.93
935.86
1484.35
1699.81
1562.09
1537.75
1205.44
1585.29
1564.78
1070.11
1211.72
946.16
1499.52
1100.21
1124.38
1654.96
1529.39
1591.86
1666.96
1001.11
1550.68
2028.35
941.58
1555.34
869.27
634.44
1113.58
947.18
1198.68
1061.14
2220.87
1649.26
1710.33
1035.50
1894.10
1497.44
1681.49
1133.04
1546.60
2748.31
2048.48
1582.10
1651.25
653.01
1992.95
1367.05
1664.37
1033.38
2044.14
1774.20
1502.58
1418.88
1648.55
1137.64
2152.45
2514.08
2498.58
1235.94
1690.07
1855.56
1674.92
1534.37
753.80
2115.47
1401.63
1985.53
1233.03
1515.11
2062.96
1667.31
1135.79
2240.15
1602.19
1960.18
1039.93
1232.88
2244.92
1749.88
1814.21
2356.99
1502.42
1263.20
2295.64
1235.11
1538.76
1479.43
1424.81
1774.87
2057.26
1212.56
838.08
1894.53
1501.72
1686.86
559.23
1062.11
1267.37
1098.38
2102.89
958.84
1711.10
1865.44
2233.50
1451.61
2139.11
1879.07
1449.00
1508.34
2055.72
1432.29
1986.94
1959.19
1746.15
628.65
1535.53
1384.21
1066.57
1454.76
2090.22
1708.26
1128.70
1793.18
1251.97
1709.48
1967.52
961.25
2248.31
1218.12
2291.79
1119.33
1800.61
1438.70
2670.83
1078.01
1390.05
2148.24
1964.75
1510.85
788.81
1198.68
2278.76
1658.61
2138.54
1147.83
539.72
1882.65
1212.69
1113.60
1473.09
2237.46
1088.60
1199.14
1905.71
1579.45
774.29
1711.87
1250.02
1164.55
1819.54
1464.42
912.17
1476.69
1305.21
1681.31
1592.64
2430.70
1469.23
936.75
1100.87
1348.90
1974.24
1718.15
1376.13
1466.04
772.39
2038.39
1546.82
769.84
1186.52
2078.71
2152.60
1972.83
1484.82
1800.36
1101.30
1626.83
2286.91
733.75
2231.08
1611.21
1863.79
832.42
828.95
1322.90
1494.70
2464.45
1212.23
2564.25
1461.11
1247.82
1926.36
1111.85
1351.10
2512.19
1889.41
917.86
1022.11
906.69
909.89
1043.45
1202.84
1745.11
1541.23
1643.78
787.03
961.36
620.15
1807.03
1285.82
1936.54
1494.64
2484.68
1999.30
255.22
1517.97
968.95
1007.18
1557.39
1570.65
1356.52
2015.97
2486.54
1951.81
912.66
500.75
1435.82
1661.57
1632.65
1527.45
1129.72
1919.47
468.28
631.26
2012.65
1731.17
870.06
607.76
935.05
1488.95
1518.85
1228.39
2152.83
439.24
1380.19
1040.12
1435.03
1740.29
2011.33
1715.30
1829.43
2041.66
1350.23
2182.38
1239.19
2056.94
1420.26
1429.77
1905.44
1183.82
1871.37
1891.30
1466.10
1612.87
1827.85
2213.00
1394.85
1572.73
1089.17
1284.08
1433.47
1730.50
1637.65
1399.84
1832.70
2567.52
2131.74
2400.71
557.05
1512.67
1259.96
2547.07
1419.00
1179.31
1420.34
922.90
2086.09
2305.98
2059.43
1678.33
1872.49
1417.26
2679.95
1812.26
751.14
1129.66
1268.14
1198.17
1402.14
1560.20
1292.60
1726.27
1564.91
1971.76
1388.53
789.31
1154.64
1729.70
910.73
1648.14
1726.04
1402.47
604.42
998.33
1275.03
1157.42
1721.33
1433.86
2043.57
1862.05
607.92
1880.07
1209.08
1651.58
1265.40
981.37
1809.73
1399.33
2140.19
2409.81
2273.89
1423.26
1187.08
1652.61
1829.83
1407.74
1649.22
1766.94
727.35
1682.50
1960.40
2054.15
1742.49
1111.76
1031.86
1276.31
897.24
2051.39
889.65
392.38
1115.37
779.45
1594.85
1338.27
1221.68
815.85
1296.57
1706.52
1182.07
967.90
1728.81
1567.64
1257.31
2098.69
2276.92
1437.39
1875.07
537.28
1489.39
1615.49
947.07
1297.61
1371.97
1200.06
2314.63
1480.29
1538.47
921.42
2305.67
995.10
2027.78
1572.79
1172.14
1413.67
1804.33
806.93
1284.98
566.74
1272.43
1660.50
2390.13
639.32
2171.58
704.49
1538.58
1426.05
1478.52
2276.27
1414.30
1563.46
2020.68
1210.81
1021.36
1227.58
2116.81
2045.54
1521.18
1839.36
2630.60
1925.07
1040.82
1527.15
1753.64
1058.25
1532.40
1461.49
1519.07
1888.71
1568.08
1843.02
1940.90
1628.24
2171.98
2149.80
2137.95
1229.05
862.67
1554.07
2376.78
699.03
1957.27
1176.93
1414.18
1843.58
1807.75
2141.47
1588.48
1604.40
1669.59
1411.38
2118.54
1642.78
2572.57
692.81
1412.16
1340.90
1776.64
1519.16
1660.98
2153.84
1598.00
1047.94
1204.31
1807.93
1694.76
545.37
1857.94
1015.78
843.82
2100.60
1463.40
1529.63
635.04
2085.92
1703.56
2359.39
2320.98
1485.25
1661.93
1623.31
2356.22
1748.60
1520.75
1023.41
1263.03
1410.91
838.36
1959.05
1800.71
1326.67
2288.75
1987.24
1794.30
1716.29
1302.56
2411.33
1891.43
2481.01
832.09
1448.30
964.40
1507.60
1974.70
1987.37
1811.94
2108.29
1817.91
1289.10
1498.76
1664.42
1716.41
2058.84
1436.66
1183.18
773.16
1966.16
1761.09
1615.00
714.93
1296.70
1307.12
881.33
980.37
1026.00
547.11
1103.90
1084.92
1726.91
887.93
655.18
1115.92
2075.97
659.74
788.48
1963.95
1772.91
1816.97
2013.57
1853.33
1844.61
1584.82
1712.00
1632.66
1013.94
2069.34
1890.95
1255.77
842.42
1493.51
1506.63
1327.45
795.60
1524.78
1910.03
1634.53
1409.55
1485.09
1380.74
2199.63
2276.48
1288.53
1390.64
2265.09
841.92
1140.40
1292.90
1520.70
1121.57
932.15
2031.89
1720.99
2036.21
1603.58
1807.90
2106.96
1584.36
2355.22
1914.36
2055.65
1579.44
1094.19
2116.45
1271.68
1474.71
1664.51
1346.34
1660.19
1242.94
1470.04
713.09
1851.88
2121.99
868.63
776.00
1460.55
1583.56
1637.81
639.17
708.15
1817.74
1786.68
1880.84
1620.14
2620.74
2238.12
2076.13
1516.37
1369.28
1333.49
1314.32
1487.28
2046.08
659.17
1510.03
745.29
1848.20
2087.29
1162.01
1869.34
1082.70
1523.12
2164.26
624.50
1288.06
1133.56
1879.63
1921.66
1406.41
848.02
1437.17
1763.31
251.38
955.51
1782.28
1675.16
885.23
1557.60
1930.03
762.73
872.69
1643.31
2105.20
1710.95
1838.37
2580.18
1197.30
1850.31
1776.10
2101.55
1917.30
1579.27
1702.95
2270.33
955.95
1906.96
1123.92
1845.35
1539.92
963.66
1640.97
1777.67
1516.89
941.89
1460.45
2211.19
1387.52
1321.71
1300.02
1488.99
1498.30
2064.51
1939.82
677.47
326.94
917.58
1615.41
2161.47
2021.14
1701.93
1372.11
2422.92
2318.78
2127.24
676.54
2105.87
1768.03
1724.83
2182.38
2279.74
1189.34
2224.21
1370.59
1383.76
1311.02
1054.23
1493.08
1529.52
1809.76
1187.32
1800.53
376.10
2121.92
1449.80
1258.81
746.84
1036.51
2185.77
1957.78
2302.66
1451.84
2470.89
1085.68
1019.28
1929.22
1718.00
1180.71
674.02
887.37
1815.21
2002.23
1362.77
562.78
1612.08
751.57
873.03
2318.84
1507.77
1565.20
1044.38
1636.76
1776.67
1948.02
1133.39
1334.93
2283.14
1823.29
577.20
2524.40
1867.61
2037.21
2340.33
952.18
1247.48
729.84
1854.94
2121.74
1099.48
1525.53
2371.68
663.52
995.47
1027.84
1827.06
1514.69
1998.67
1000.30
1665.12
1561.14
1628.28
2241.18
734.07
2030.66
1121.03
1740.92
1019.20
1912.26
1752.12
2080.67
2192.82
848.87
1684.60
1334.67
2298.76
1821.58
1603.67
1917.92
1111.04
827.08
1402.70
1153.19
1238.10
1318.86
2001.62
1475.94
1566.51
1337.62
1645.75
1137.04
1808.47
2035.09
1635.01
2151.55
1946.72
2098.94
1324.75
1487.52
1222.55
2293.66
1895.86
1252.05
1565.14
1750.74
1719.31
1730.08
1529.46
2059.13
1140.40
1306.28
1773.18
2184.53
871.88
1508.69
1021.03
2166.77
2007.40
660.88
1748.75
2544.47
2473.92
1284.91
1274.05
883.60
1100.48
2264.62
1618.73
1610.31
1281.58
958.74
1315.45
1895.15
1231.58
2068.58
1518.50
335.74
1311.27
1775.77
2137.96
1549.19
1703.72
2288.99
1066.23
1437.06
1768.65
1647.57
1124.40
1884.80
1218.98
1873.20
1524.62
1804.40
1703.31
1420.53
830.43
702.89
1667.18
940.12
1767.80
857.42
949.74
1485.71
1474.48
1457.64
1031.36
2246.34
966.24
2568.65
1085.33
920.82
1826.30
1296.47
1750.09
2473.51
1351.37
2447.86
2227.25
1974.94
1060.61
561.47
1140.51
1432.35
1930.68
691.62
2067.93
2287.87
1165.75
2058.07
927.99
630.11
1576.09
1153.65
233.24
970.66
1704.37
1929.09
2143.72
2426.96
1690.51
1986.37
1886.15
1255.80
1635.94
1943.94
884.77
1476.65
1476.89
2446.84
1702.66
2082.01
962.43
1953.50
1604.26
1221.65
1250.93
947.81
2589.56
1120.39
1880.06
2515.33
833.37
2092.16
213.79
2468.92
1061.88
2227.89
1924.76
749.71
2163.97
2422.16
1520.54
1761.79
696.94
1434.58
1883.56
1405.08
1239.68
2436.10
939.78
1950.98
1649.58
1520.60
344.32
2315.63
518.30
297.81
1776.68
1286.26
2085.10
1537.41
1618.66
2264.49
1416.28
1459.73
1908.67
1438.39
1322.68
2118.05
860.70
1717.96
1167.60
1261.63
1709.05
1941.70
1932.75
957.79
1286.29
1354.49
2175.60
846.79
717.87
1082.98
1496.14
1312.60
1023.07
1822.72
1343.92
2050.08
1018.13
2057.87
915.15
2167.91
2169.36
1764.75
1063.17
1454.33
1156.55
2224.20
1661.73
839.32
2021.70
1068.73
1274.19
698.77
1087.58
570.19
2026.22
2512.97
1854.20
1804.35
1414.57
634.37
1548.15
2119.65
1429.85
545.42
1505.03
1678.69
735.51
1125.42
881.85
1115.35
1232.38
2010.29
1193.24
521.21
917.77
2551.53
1579.25
2166.13
2528.96
1239.75
1479.21
2564.72
1016.79
1300.07
1292.49
1810.68
1413.21
1986.72
1190.80
1994.48
1912.31
1662.77
825.91
2436.78
1857.83
1587.25
2119.90
1375.20
1455.96
2068.36
1682.59
1021.97
1546.48
2083.18
1315.74
702.98
1567.65
970.18
1126.24
287.30
1433.00
2413.12
1926.54
1512.93
1592.23
1809.46
1911.91
1489.17
1138.14
1239.00
763.62
2154.55
1871.05
1310.69
1726.66
1072.62
2096.10
2073.51
1855.42
929.14
1328.31
1901.67
2594.27
1442.06
1199.74
1488.14
1022.21
1313.77
2506.01
1682.91
2025.90
1709.46
1286.83
2136.13
1222.38
1973.55
1490.53
1850.80
1090.99
1439.07
1517.94
1887.63
1460.43
1505.46
1687.30
1565.52
1156.70
965.55
2028.32
2107.60
1586.91
1127.53
1650.05
1346.72
1133.05
1972.10
759.40
2045.95
820.66
1512.62
648.64
1798.57
928.86
554.43
448.38
2249.18
1898.03
755.03
1305.52
2266.56
2096.62
1349.49
2385.25
1519.31
1984.35
1513.56
1359.13
2247.21
1427.40
799.96
2218.89
1662.78
1626.25
1737.08
2490.10
1736.43
1796.90
2095.07
1365.21
1467.42
1585.02
1259.61
1626.49
1193.32
2661.01
1801.71
1617.29
1861.72
1968.40
1316.79
2515.07
1425.13
1330.47
1424.67
1654.83
2109.45
835.69
1629.66
1167.57
2743.72
1947.17
1284.96
2005.97
2092.51
2132.73
1765.08
1330.90
1281.52
1942.53
471.40
2715.76
2389.10
2537.38
1885.80
1898.79
1610.20
1471.48
2382.58
304.14
1840.93
1388.62
896.88
2491.05
1889.79
1274.10
1719.08
1890.65
1766.21
1583.36
1708.94
1854.49
1684.21
1060.37
1747.11
1154.87
1267.22
807.85
871.29
640.75
1663.41
783.16
1429.84
982.70
1548.60
1943.08
2087.68
1947.93
2255.07
1435.49
1145.85
1901.17
2503.32
824.67
549.27
1451.98
1658.72
2170.87
1723.71
1988.97
709.46
613.37
2133.14
847.22
2046.96
1227.02
2599.92
1642.04
1659.52
1405.43
1632.36
1124.77
1842.78
2510.92
1351.71
1980.88
1455.07
1445.62
1819.09
1700.68
2591.18
1637.40
1858.27
1093.46
2297.51
959.00
976.60
1426.94
1113.14
1637.94
1332.71
1484.17
1709.40
2242.91
1760.59
1648.91
1517.82
1136.65
1600.44
754.88
1772.29
1623.51
2560.04
2372.40
565.92
666.64
1684.17
2433.62
840.63
2306.28
916.88
1391.61
1237.37
820.42
2229.15
1447.78
763.50
2028.15
1872.34
1276.52
1291.60
677.52
1622.96
1871.96
2486.18
1788.28
1704.25
1808.64
1505.26
2331.18
2194.73
1789.37
2161.39
424.56
2002.74
1401.39
2225.28
576.55
837.72
2232.09
2089.69
1745.75
1336.15
1567.88
2489.75
2223.96
1488.25
1775.22
1887.41
1039.51
1917.26
1663.47
1517.35
1524.99
1030.04
973.10
1951.13
2181.30
1669.78
2172.53
2344.50
2586.05
1679.27
1633.53
849.87
990.67
1314.86
954.15
1400.65
1546.93
2072.29
952.87
1993.12
1809.22
2027.19
1880.70
1330.82
1926.30
540.39
679.65
675.34
1497.11
1237.52
2072.88
1731.39
2142.29
1614.86
1649.48
1398.64
491.49
953.33
2005.79
1437.61
1776.51
733.00
833.86
1280.69
998.73
1530.47
1450.47
826.39
1451.99
1457.07
2048.55
977.13
1326.18
707.55
715.73
1938.86
1675.68
2031.78
1456.32
1968.45
1604.32
1907.30
2522.99
1228.63
2020.78
1625.14
1898.61
988.99
1396.48
1897.51
400.39
2289.61
2301.94
1449.79
1431.69
1326.45
1741.56
1134.63
1635.45
1551.53
1591.17
825.19
1881.84
1892.86
2142.54
749.30
1602.10
2149.57
686.99
1957.83
1949.74
1121.72
1243.23
2014.41
1854.17
981.13
2075.02
1325.14
884.97
1415.50
2173.78
1299.45
980.41
2551.29
1508.16
1082.99
2242.97
1991.03
1336.23
924.17
1731.28
891.14
846.26
1702.83
1215.11
475.18
1911.35
474.54
1630.05
1263.71
1639.36
1919.05
1895.77
1507.45
1464.50
552.98
1253.49
1496.85
2215.83
1370.30
1670.06
2010.48
2030.84
1321.20
1520.36
1498.37
1806.41
423.22
2375.40
1436.81
943.37
883.68
764.69
2412.30
1472.41
1231.54
2135.06
2280.50
1415.68
2112.93
1758.02
1216.79
1819.91
1537.63
2057.76
1909.08
1832.21
2245.14
1337.25
1594.21
1103.27
1371.58
1980.00
2155.44
1505.28
1169.05
2008.43
1307.97
1526.72
1623.41
1447.66
1570.95
965.51
1363.81
1085.56
2723.64
1014.55
1999.91
1832.90
1630.96
2165.19
1266.34
1305.78
1415.13
1780.32
1593.88
1059.98
1218.93
1564.56
1220.99
2216.18
1631.80
1020.37
950.44
821.45
1424.32
2612.78
1587.41
929.94
2453.04
1532.46
2007.97
2683.33
2030.83
2011.35
1701.46
1729.38
876.71
586.24
1756.32
2168.57
1829.48
1524.82
2370.22
1627.83
2199.26
1544.98
1493.83
974.88
1810.17
1880.06
1566.96
1030.09
2004.42
1784.31
1365.87
2555.86
1362.63
2417.97
2283.93
916.64
1061.93
1579.73
1984.41
1907.82
1813.05
1012.62
2288.35
1858.56
2190.74
1400.19
1564.66
2415.24
470.41
704.97
1372.38
976.70
1773.95
1589.45
2331.52
850.21
1500.85
1750.08
968.29
2067.60
1874.40
1421.28
913.74
1820.74
1613.99
1589.33
1429.13
2402.33
1584.13
1367.79
1028.15
1224.00
1729.13
1805.93
1500.44
520.01
898.63
1355.20
1146.36
1530.34
1879.07
1618.85
2251.61
2214.36
2134.57
1723.73
1972.13
1508.24
2003.62
1772.24
1697.12
2399.76
2678.15
1858.15
2183.17
1469.94
1947.25
2157.95
1563.94
1102.67
2175.09
1828.66
1889.47
1148.29
1758.04
2503.97
1684.33
2197.02
1709.94
2299.75
1107.99
1717.45
683.85
929.17
1992.58
997.19
1311.29
2029.89
2069.34
2240.33
1726.22
1638.48
913.86
1581.29
2760.00
1937.99
1587.61
2289.49
1387.61
1446.68
1783.62
1402.26
1387.40
1631.48
1521.33
2364.57
2360.95
2099.05
1419.43
1080.57
2600.16
1344.50
1914.15
1086.70
1852.85
908.94
1298.68
987.18
1515.26
1334.29
2015.72
1000.73
1748.62
2040.74
1639.46
2522.53
2044.37
530.21
1067.58
740.61
1219.09
2126.87
1082.92
2145.92
2106.67
800.41
1150.25
2516.09
2385.25
1637.47
1727.83
643.31
887.18
1239.82
1695.23
1627.80
1571.76
1663.67
1694.75
1273.18
1898.06
843.43
1772.24
1902.41
2233.65
2037.65
2234.53
1440.65
1195.06
959.32
1758.79
759.18
1224.06
1285.29
2078.09
1035.06
2083.54
2221.93
1072.82
2035.64
874.83
1566.73
1638.03
1252.50
2223.73
1914.38
1990.57
1506.35
1434.31
1539.65
1252.79
1636.70
1560.35
2163.69
1836.82
1233.13
1047.67
1662.32
1227.66
2059.20
963.69
978.48
1655.79
1521.19
1050.42
891.48
1490.12
1195.29
688.91
812.36
426.73
1200.29
2404.38
698.99
2049.01
2006.58
1866.24
1788.86
2033.37
2157.79
1134.61
1264.63
2184.59
1515.92
2051.19
1244.39
1765.09
1909.06
1241.33
1093.42
1045.79
2084.86
1521.77
1614.94
1452.45
2259.77
903.98
813.85
1323.51
1842.55
1297.88
1012.73
1090.95
1161.33
1393.70
868.79
1110.37
382.13
1457.63
1490.89
1212.76
2219.79
1015.33
2091.23
1431.67
2105.22
2250.60
1534.78
1374.54
2079.26
1601.55
2021.72
746.47
1533.11
1022.08
1965.25
686.84
1339.15
1591.51
1731.23
2207.03
1382.99
1309.44
1847.89
1701.90
2827.29
1870.80
1465.26
2225.44
1583.23
778.35
2089.42
1500.87
2366.75
699.94
297.03
1222.94
1017.09
1866.28
2223.83
1130.78
1273.63
1906.09
1305.18
1245.15
1740.95
1827.12
1866.13
2640.72
1152.06
1488.40
949.32
2397.96
1565.82
1516.33
968.11
2067.01
1335.97
1107.00
2478.70
1613.88
1117.59
1957.05
1836.70
1716.15
2565.15
1587.34
1559.01
1615.74
1404.11
1691.46
1653.79
1908.78
1259.63
1463.63
1575.47
2076.95
2202.73
2358.99
2307.32
876.12
1255.01
1593.40
1353.01
943.94
826.96
1025.12
2127.83
1203.28
1275.19
2379.56
916.57
1469.24
1968.14
1735.81
572.08
971.76
2104.47
1919.16
578.22
760.13
2410.69
2053.96
1689.00
2113.78
1246.14
605.64
2136.78
1445.07
1556.72
2240.93
1365.02
2381.59
932.49
2103.90
1673.40
1854.13
1929.42
1287.43
1693.76
1021.95
2092.07
2201.17
1376.63
1845.30
1704.92
1695.77
981.33
790.47
1268.48
1498.04
2355.84
1309.69
2256.77
1653.90
1239.55
1643.16
1654.47
1221.39
922.41
2236.28
2493.80
1168.43
1240.72
1265.76
1226.97
2570.59
679.34
2066.97
1674.98
2215.91
1519.04
2177.42
792.55
1748.13
1169.81
1460.22
1693.53
768.94
906.38
2054.55
1094.82
2363.34
1494.29
1896.72
1769.65
1503.51
1692.87
1328.05
2434.80
1657.98
1646.34
1493.51
873.80
2334.25
2047.11
1427.94
980.82
1133.97
2479.00
1467.66
1868.30
2387.87
1207.47
1359.08
2228.51
1808.01
1545.36
2028.16
1033.24
1863.73
1517.46
1440.99
1603.01
983.53
1071.89
1860.40
670.86
1907.27
1865.29
1610.80
1771.68
1409.81
2605.59
2087.92
1721.64
1943.97
445.86
1020.68
1424.15
1658.62
1769.37
658.95
1277.40
1077.57
1654.69
2259.47
1412.22
2274.67
2117.92
1389.65
1749.35
2206.32
1606.36
1636.78
1303.72
1273.64
2599.84
1448.51
1477.40
1641.78
1993.42
1272.02
847.49
1634.47
2084.01
1203.54
1334.55
1684.15
1900.16
1507.12
1287.47
816.35
2073.16
2184.02
1760.07
1454.07
2534.07
1651.74
2292.74
687.67
1528.07
928.21
1254.87
1609.14
1363.69
1277.47
1284.42
896.73
2142.66
1119.54
1243.72
1959.20
1172.45
1546.55
1488.00
1137.60
1634.21
1961.78
1331.82
1590.52
1319.07
692.61
1552.08
752.18
2516.35
1622.26
962.55
1786.49
495.51
1618.86
1416.90
1229.23
1587.07
2294.01
1065.58
1052.67
1437.89
2267.67
1922.88
1503.55
1891.73
1127.14
2493.68
1907.82
1656.98
1840.91
1692.30
1024.66
1529.98
1155.25
1242.77
2667.76
1929.90
2223.98
1634.21
1616.25
1046.58
1216.47
2226.77
1770.85
1816.32
587.57
1071.25
1999.08
1065.34
1828.39
1645.81
2047.34
350.37
1954.14
2649.91
2239.93
975.05
1552.83
1731.55
2127.13
2348.00
2195.54
1651.70
1593.46
822.34
1637.11
1162.15
1280.78
1712.13
295.54
1982.64
799.20
821.11
1968.16
1210.83
2029.11
1567.28
2056.66
2282.36
1155.27
2218.78
1634.34
2147.15
1033.50
817.42
1917.83
2052.86
1840.37
805.52
2236.96
2196.27
845.40
1376.31
1013.37
1845.54
2484.02
1866.07
2266.33
2144.39
1461.68
618.91
862.59
1718.14
2518.92
1829.71
2061.01
931.63
1877.06
1472.60
2501.30
1188.12
998.36
2105.88
2161.39
895.98
1939.66
1860.29
1633.14
1680.44
1108.80
1276.93
1383.32
2345.99
995.05
1499.35
2447.28
1824.77
766.73
1667.20
1425.87
1640.61
1756.44
2488.12
1232.58
732.36
1873.91
1775.23
2073.19
1056.99
1535.05
1422.45
1389.88
1135.59
1393.91
2278.28
1801.40
1012.44
1787.56
1560.90
1167.76
1346.88
2490.13
2073.32
1578.15
1745.30
1590.06
2246.15
1852.39
2192.49
2361.76
1674.05
1983.57
1616.53
1399.18
1853.12
2299.36
2525.03
1657.02
1927.88
1779.04
739.29
1745.70
831.22
1585.76
2097.00
1778.59
1240.53
610.35
1036.90
1723.74
1548.24
1707.06
2282.63
2204.92
1238.43
1920.59
673.78
1613.80
1418.49
1401.66
1563.62
1025.32
1987.32
1839.91
1573.48
838.31
1459.58
1224.96
1243.10
1935.22
2063.41
1375.38
1860.60
1862.83
1507.20
1356.30
1167.05
1460.32
1288.13
2098.07
829.97
1038.17
1739.55
772.08
2141.00
1613.65
1500.69
1109.98
2168.17
1326.98
2538.77
2385.96
952.33
2062.81
921.73
765.67
1721.25
1331.17
2183.63
2505.57
1574.43
1436.04
1983.07
355.85
2167.21
1239.36
1730.92
2000.79
1428.37
1385.41
2128.40
940.20
1765.74
1878.45
685.20
1517.92
786.80
996.30
1822.94
1484.45
1474.48
2147.19
1522.28
1221.04
2112.26
1738.08
1569.64
1809.32
1410.46
1414.61
821.54
1898.99
2219.33
1019.45
930.02
1135.19
1982.14
2588.78
1321.64
2227.16
1756.08
1409.11
2251.30
1096.28
2279.36
1348.86
1235.06
1370.09
1297.55
1720.66
1062.70
1367.40
2328.23
1731.45
1552.17
1834.95
2240.07
1679.19
1492.22
1007.47
1032.48
1198.16
1728.65
1319.65
2212.54
1598.80
1128.11
1145.71
832.39
2368.59
1484.61
1043.52
1555.47
2641.23
2578.50
1094.47
1636.45
1788.82
949.31
426.90
1795.77
1171.34
1057.49
1404.65
1236.21
1974.57
2092.87
1380.51
2273.96
1806.65
1181.16
1120.75
1491.27
1159.88
1347.30
1835.90
991.22
830.79
852.72
1609.49
2417.57
2322.93
1752.97
2395.33
1083.37
1864.09
1729.63
998.22
1119.58
1844.75
910.38
1933.17
1691.93
2173.49
1420.87
1216.01
1263.81
1974.94
1189.75
1246.33
1470.20
1431.00
1097.21
1275.48
1232.16
1715.63
1514.97
1300.72
1598.18
2398.93
1539.86
2034.96
297.23
451.42
1805.57
1807.30
1183.97
2102.86
1158.32
1658.41
776.53
1830.18
1157.17
2481.88
978.58
1624.64
1244.28
756.25
2390.64
1161.85
778.97
1395.24
1763.55
1831.03
1015.80
2034.47
1212.45
721.38
2247.52
2305.82
1410.55
1726.67
1353.38
2426.49
1056.08
1957.01
1511.44
1142.38
1387.91
1425.69
1668.51
1368.36
1248.95
1638.76
804.58
830.89
1295.48
1478.98
1850.69
2216.81
1772.83
890.78
1508.87
1260.15
1337.58
1699.58
850.08
1224.41
1868.76
1332.38
1444.28
1975.26
733.68
1314.79
2101.93
1353.11
1897.11
1051.10
1066.67
2167.63
1575.55
1891.54
1853.55
1978.09
1004.32
285.31
2463.67
1826.62
1704.09
1255.07
1697.68
1656.46
2371.31
1725.40
2391.76
1580.97
1769.58
892.28
2206.82
1660.52
1375.25
1830.46
2425.58
1739.75
1476.89
2203.29
2195.89
791.69
1814.84
1086.28
783.66
978.11
1830.74
2305.00
1401.65
474.94
1678.12
914.08
1938.95
1905.88
1376.00
1661.40
1781.26
1540.83
956.29
2380.92
1735.71
1433.35
1089.36
1696.46
1781.90
1499.90
934.94
1219.34
1295.94
2261.92
935.68
1772.10
1444.88
2470.85
1687.60
1584.95
2401.97
1218.97
2241.54
1600.81
1501.28
1793.68
2060.71
1560.51
866.08
1847.37
1076.16
775.05
2344.74
1383.81
2170.48
1227.98
1537.17
1082.02
2431.79
1665.16
2581.35
1555.14
1828.36
1914.69
831.31
1627.70
936.40
1255.48
1409.40
1537.81
805.25
1907.43
1968.96
1698.15
1433.00
1427.83
1705.34
2367.82
2051.29
590.45
892.96
989.96
1726.71
1244.47
1624.54
1541.71
1259.09
341.62
1800.18
1936.76
1224.49
1628.88
1120.45
1920.95
1596.46
1612.53
609.99
2571.70
1535.43
1831.17
1880.18
1270.82
2143.63
1317.32
1638.21
2404.11
414.88
1013.89
327.63
1828.54
1221.39
906.36
2301.09
1657.76
1295.59
1304.84
1382.24
2180.74
2242.91
399.53
2086.87
1300.07
2689.95
1052.16
2052.20
1766.83
2312.32
1708.48
1781.60
912.32
1538.65
855.21
1869.52
1751.47
1066.38
1284.54
1514.16
1302.01
2012.16
289.92
1851.69
1925.52
1597.81
1203.25
910.94
1645.48
1502.40
1456.89
1557.34
1265.96
1574.25
1298.34
1124.59
1991.14
1567.27
1370.72
1494.30
1160.89
2007.16
2122.34
1313.56
1234.46
570.60
1977.82
1238.81
738.69
1680.48
1318.40
1999.68
1825.02
1001.01
1891.75
1191.10
2290.23
1036.18
1612.91
1072.74
885.80
1706.96
1791.06
1504.38
2548.43
1319.18
1016.89
1156.16
1888.44
556.73
1715.80
1264.46
1281.71
2232.36
2604.95
897.83
1154.43
1105.49
2006.42
1849.48
1077.32
1314.20
841.64
2119.82
1633.99
1683.85
1606.11
1419.52
2430.82
1598.25
1670.31
1109.45
1722.75
1660.08
1668.71
1078.55
1217.67
1567.08
1141.10
1895.24
1366.83
948.89
1402.15
1075.15
1352.42
1167.32
1721.70
2256.13
2103.09
992.90
2165.52
1338.70
1582.43
1316.13
1745.45
1605.00
1072.12
1870.85
1520.03
1698.06
845.61
1137.92
1978.90
2024.48
1847.38
1784.20
2358.75
1877.80
1672.25
1852.25
1486.80
1654.12
1931.45
1703.72
1576.45
1492.36
1737.77
1343.03
1088.23
1065.40
2209.52
993.75
1966.20
2032.85
2432.19
1560.85
1143.13
1486.80
2696.54
436.86
1346.75
1080.20
2007.00
1519.95
1303.97
1515.41
1197.99
850.90
1030.76
1661.83
2484.68
1619.25
2445.86
1677.24
1907.82
1920.62
1979.04
1188.49
1948.67
553.03
1309.44
1498.04
1418.93
1176.23
2043.35
1355.70
1495.83
1513.99
1769.89
1429.76
1610.36
1869.22
939.12
1575.88
2188.28
1917.77
846.48
927.46
1793.74
1185.49
1392.02
585.34
1039.72
1451.72
1991.04
1132.70
1150.56
836.72
2112.02
1234.25
1129.97
1060.95
2109.97
1385.08
1927.20
2145.06
1456.71
1075.15
721.67
1757.80
1388.49
1024.23
1723.64
2557.29
1243.33
2541.54
1537.21
1615.01
1297.46
1216.12
1241.14
1003.52
1601.53
1905.42
933.99
1311.62
2568.13
1406.76
1072.71
2004.56
1666.02
2508.82
1608.29
1023.78
1297.58
1693.61
1330.15
1209.23
1580.53
853.28
533.77
2323.23
1772.13
1054.98
1008.95
1451.07
1135.27
1739.53
1522.79
1042.95
1550.86
2143.13
1806.99
1600.81
1816.19
1342.80
1196.23
1889.63
2348.89
2018.85
1716.57
1930.95
1541.24
2135.30
1600.71
1792.95
1342.67
1160.15
2200.52
1568.65
1256.72
1747.07
976.09
1571.79
1047.81
1329.37
1104.93
2240.85
1557.18
1442.24
1999.45
1460.90
1424.07
971.01
1376.83
1318.30
1367.16
1697.80
1112.90
1181.13
1549.80
720.65
1275.88
1469.16
1686.32
2203.31
1365.79
1679.31
965.99
1970.90
798.37
1329.14
1000.00
1290.99
1869.22
1753.95
2092.90
1302.47
2104.39
852.31
1041.46
2453.27
1459.63
1129.36
1418.98
1577.91
1068.02
2245.54
1836.81
990.33
1724.68
2595.85
2178.53
1768.57
1583.96
1037.80
1636.94
958.35
1247.62
1501.24
1122.34
599.02
2303.47
1829.37
996.97
1286.76
1890.85
1024.19
1859.58
2187.02
1191.12
775.64
1611.89
1506.52
945.60
778.72
775.70
1855.34
2058.31
1488.34
2047.20
973.02
2045.03
1610.94
1271.93
1739.39
2389.47
1656.31
1687.53
1682.00
1268.65
1037.14
1568.99
1795.37
1879.31
2151.13
1127.75
1881.45
2032.44
1790.05
2521.70
1895.48
1747.15
1414.92
2352.86
2290.98
1078.03
1181.39
842.95
2207.15
1404.76
1769.35
2307.19
1863.91
1582.06
1415.54
1498.83
1442.69
1113.62
1229.13
1763.35
908.58
1900.58
1198.79
1900.58
1333.07
881.93
1046.15
1566.29
1719.27
1473.26
1876.38
1346.20
1854.49
1656.66
1489.53
1170.50
2156.43
1244.33
2480.08
1838.44
2080.19
752.67
769.96
2491.44
1441.78
1140.91
1738.50
1535.74
1933.13
1955.24
1486.08
1855.30
1776.01
1771.62
2410.58
1929.09
1806.55
1347.27
1413.89
1485.60
1050.56
1171.80
1544.01
1133.28
1047.51
1433.48
1857.23
1057.57
1962.82
2227.89
573.27
824.30
1929.26
1249.36
1304.78
1736.67
1684.81
966.21
1142.04
2102.13
1070.59
1243.84
2037.53
1354.30
2079.79
1420.36
2010.43
1491.59
1258.54
1981.05
2316.31
2058.20
1240.17
667.64
1113.88
1999.69
1064.01
1079.16
1968.85
996.09
2307.60
1649.41
1759.56
2489.19
1829.47
1518.72
1509.35
1845.92
1173.17
865.27
842.54
991.10
1996.43
1926.28
694.17
1699.29
1308.55
1829.62
1647.11
2312.62
2496.86
1956.08
1279.23
2391.25
1134.18
807.99
567.65
1858.05
1498.49
1026.60
1523.43
1475.51
2166.25
1998.97
2112.01
1349.78
1232.98
1443.44
1626.89
1998.12
2282.52
1178.70
1269.85
1573.64
1716.16
1588.24
1615.44
1484.28
2052.81
1508.81
1457.86
1598.37
532.21
1721.47
1893.05
1485.96
1212.98
1001.93
1520.01
1905.59
1264.74
832.27
1710.25
1304.15
2101.69
1333.16
1962.90
981.39
1657.58
2409.69
2013.46
1513.42
2091.90
1313.79
1599.58
580.63
1165.33
2425.67
1166.81
1691.23
1286.50
1762.61
424.64
1727.55
1548.49
1192.63
2616.98
2307.72
410.86
1717.76
514.36
1708.43
1344.50
2072.05
1224.55
2281.84
2057.06
627.46
275.86
1209.32
1284.67
1505.24
1689.12
1010.41
1703.72
1186.89
2014.01
1468.00
1256.83
931.78
854.53
1773.81
1935.65
929.83
1750.94
1634.16
1546.76
741.73
1138.69
1702.89
1593.32
1435.62
1358.59
1279.22
1692.87
756.09
1608.52
1859.24
1973.84
1800.50
1745.02
1456.96
968.30
2302.34
880.02
1496.25
1616.00
1646.11
1250.49
1101.16
1642.37
1473.24
1421.63
1344.79
2144.69
2456.95
2095.32
1087.56
2002.22
1101.90
1408.10
2299.42
1689.54
1833.29
798.34
1194.35
1521.45
1772.04
1367.20
1926.08
2077.35
962.97
1677.73
1802.41
2337.43
775.00
1305.60
1101.64
1285.21
2393.20
1332.97
2242.99
1373.87
1110.65
908.75
1789.13
1212.97
1785.50
695.64
1004.96
1517.46
1245.46
1742.50
2193.53
1341.64
1663.28
1028.60
882.65
1848.04
1376.53
1004.79
1358.22
2342.70
1096.98
1523.44
1581.25
997.27
1321.82
1547.62
1551.24
1430.43
1622.68
534.91
709.83
1937.35
1199.05
1077.72
967.59
1748.13
967.12
1332.68
1926.97
944.08
1411.41
1423.39
1532.27
1590.70
1452.65
1856.18
1715.28
1841.93
1167.93
2627.76
1371.44
1683.02
2564.47
1287.21
1917.93
1416.09
1814.73
1217.23
1137.91
1600.73
1108.75
2248.07
2199.86
2167.32
2039.65
1848.32
1653.59
1967.73
1765.94
1636.47
1436.59
1189.10
1785.18
2714.41
1972.93
2113.78
1096.23
796.15
1208.17
1598.44
1883.76
2166.67
604.26
1398.35
637.26
1383.95
2012.86
1312.87
1814.06
1484.15
1206.58
1844.24
1489.62
1820.09
1401.04
1196.90
2561.69
1818.26
741.96
1106.45
1632.29
995.20
1845.72
1477.24
1576.00
1571.39
807.62
646.84
2453.87
1282.82
1934.26
2286.77
1930.95
1874.42
2149.36
1359.48
1028.20
1637.14
1318.12
1687.73
673.05
2028.30
2005.07
1253.27
670.88
1331.73
1350.78
1570.56
1605.26
1911.55
1034.93
885.00
1039.81
1053.09
2117.56
1365.07
783.75
2085.82
1777.00
2050.55
1184.78
762.32
674.04
1535.51
1874.63
2371.43
523.09
2176.62
1848.57
2152.10
1595.58
2124.35
1398.18
742.79
2083.76
1836.26
1746.43
1568.74
903.78
1471.90
1381.26
640.65
2230.24
1298.75
1235.46
1478.78
1495.72
1180.34
1677.17
2719.44
1873.61
745.98
1396.94
1244.26
1683.11
1549.44
1612.17
1787.88
1467.46
1694.97
2254.11
1789.12
1584.39
1647.73
2353.19
1333.58
1612.55
1681.89
1290.49
1087.69
1586.71
800.08
1647.56
936.73
1514.04
1331.31
1082.15
1401.12
851.80
1362.42
2392.49
1054.66
2287.07
1604.40
1545.95
1361.94
1644.71
2577.88
1453.89
1693.85
1109.05
1377.47
926.17
1994.03
1564.58
2251.07
1880.87
1980.00
928.16
1260.97
1771.30
2053.96
1059.60
1771.40
1473.60
844.23
1948.52
1852.98
2009.21
1627.18
1864.13
1422.43
2073.12
403.62
1235.99
1217.80
1247.46
1071.36
2102.74
1351.48
1383.33
1424.84
1800.72
1047.45
142.39
979.42
1703.29
2110.13
2353.21
2244.92
1827.58
1839.70
861.96
1497.59
1124.36
1616.34
1698.71
1085.47
1248.77
1929.29
1585.85
783.43
1354.20
1960.13
1768.53
1815.66
2046.48
1726.34
2339.67
2103.58
1516.89
2275.84
1301.48
1330.75
584.22
1100.65
590.91
2215.61
1919.89
1833.59
1305.37
1725.13
1027.81
1061.07
753.07
1957.91
2043.16
1499.34
2318.31
1630.83
1120.82
1787.65
1286.02
1682.66
950.06
1813.67
1098.06
1323.50
818.29
2022.33
2010.81
1639.26
1730.73
900.26
2127.21
1307.12
1079.35
1695.21
1299.93
1435.25
1746.75
1442.14
1004.27
1375.92
2465.45
1987.24
932.07
2048.04
1337.33
2003.23
927.97
1947.44
1934.15
747.73
1378.82
1477.79
312.41
1407.67
1644.02
1405.99
1831.82
1519.42
1373.80
1953.04
2190.73
935.70
1901.76
723.02
1705.82
1307.23
1564.43
2337.79
2057.52
1756.12
1483.19
1239.78
2384.34
1382.36
2085.18
1397.27
1574.06
1174.54
2047.21
491.87
752.12
1149.46
1185.48
2367.79
800.48
1500.60
2372.58
1423.97
1674.64
445.30
1154.34
1273.48
1026.24
849.64
960.05
1575.50
1680.72
2630.66
1654.43
2278.24
1141.05
1490.52
1859.42
1908.25
1596.24
2189.82
896.13
1322.24
1290.68
1020.74
2686.92
1710.74
1849.78
1324.57
1692.25
1246.84
1128.80
1180.50
1980.12
1655.49
1631.60
1420.42
1976.00
2340.37
1729.91
316.64
1752.01
2011.75
1489.09
923.52
1615.32
1335.33
1345.56
1068.64
2539.38
1533.77
1413.83
1721.76
2342.17
1777.40
1058.16
1945.27
1687.89
1258.95
378.40
1720.50
1834.32
1294.06
1480.60
2349.84
1021.58
706.67
773.55
2222.89
988.89
